{
  "model": "LogisticRegression",
  "accuracy": 0.9016393442622951,
  "precision": 0.8666666666666667,
  "recall": 0.9285714285714286,
  "f1": 0.896551724137931,
  "roc_auc": 0.9567099567099568
}
{
  "model": "DecisionTree",
  "accuracy": 0.6885245901639344,
  "precision": 0.6451612903225806,
  "recall": 0.7142857142857143,
  "f1": 0.6779661016949152,
  "roc_auc": 0.6904761904761906
}
{
  "model": "RandomForest",
  "accuracy": 0.8852459016393442,
  "precision": 0.8620689655172413,
  "recall": 0.8928571428571429,
  "f1": 0.8771929824561403,
  "roc_auc": 0.9431818181818181
}
{
  "model": "SVM",
  "accuracy": 0.8852459016393442,
  "precision": 0.8387096774193549,
  "recall": 0.9285714285714286,
  "f1": 0.8813559322033898,
  "roc_auc": 0.9632034632034633
}
